accuracy_score: 0.2653333333333333
confusion_matrix: [[16  4  1  8  3  5  5  2  6  3  4  6 18  5  8]
 [10 18  5  3 10 12 10  1  2  6  6  0  3 10  2]
 [ 2  7 21  6 13  9  2  6  4  4  4  2  7  4 13]
 [10  7  4 27  1  2  1  8  4  1 16  3  5  3  1]
 [ 1  9 13  7 35  4 14  1  0 11  5  7  4  5  5]
 [ 1  2  0  6  3 28  2  2 10  5  3  5  1  9  7]
 [ 7  5  6  6  3  4 30  7  5  0  8  3  3  7  2]
 [ 6  1  5  6  3 13  8 27  4 11  4  8 11  1  6]
 [10  1  2  4  4 11  7  2 28  4  8  8  4  9  4]
 [ 1  8  3  3 16  7  3  8 10 22  6  7  5 10  3]
 [ 4  2  0  5  4  8  4  3  7  3 32  9 10  5  3]
 [ 4  0  5  1  9  6  3  5  6  1  2 24 10  9 16]
 [11  2  4  4  2  0  2  6  3  8  4  6 32  1  7]
 [ 1  7  1  3  6 12  2  3  7  2  5  4  2 31  3]
 [ 6  4  7  3  5  2  5  4  0  3  3  7 17  4 27]]




