accuracy_score: 0.288
confusion_matrix: [[53  5  6  3  2  3  3  2  4  2  1  1  3  7  5]
 [12 40  6 10  2  6  0  6  9  2  0  3  3  3  3]
 [ 7 13 26 10  4  4  9  2  3  2  1  6  1  4 13]
 [ 1  5  1 35  3  2  2  1  8  8  2  5 16  0  2]
 [ 2  2  1  9 33  5  4  2 14  2  9  4  6  3  5]
 [ 5  8  0 10  8 25  4 12  3  2 11 11  2  4  1]
 [13  4  4  6  4 11 16 10  6  4  5  5  8  5  3]
 [ 2 11  5  9  6 10  9 14 11  6  4  8  3  3  8]
 [ 6  6  1  7  3  1  4  5 25  2  2 13 12  1  4]
 [ 7  1  3  4  3  2  3  0  3 33  6  4  8  7  2]
 [ 2  3  0  5 14 17  2  5  5  9 23  9  4  8  7]
 [ 7  5  0  9  7 11  3  3  3  5  3 27 11  1  1]
 [ 5  5  0  9  5  1  2  3 11  8  2  1 46  1  0]
 [15  5  7  2  6  4  6  5  8  6  2  6  3 17  4]
 [ 8  8 12  5  4  3 11  8  1  2  6  3  3  4 19]]


accuracy_score: 0.28933333333333333
confusion_matrix: [[54  6  6  4  1  4  2  2  4  2  0  1  3  5  6]
 [14 34  8  7  6  2  0  6  6  4  2  3  4  6  3]
 [ 7 12 27 10  4  1  5  4  3  7  0  6  1  4 14]
 [ 2  6  1 29  1  2  3  1  4  7  2  5 24  2  2]
 [ 2  5  0  7 30  7  2  3 12  2  8  8  8  3  4]
 [ 3  7  2  8 11 24  4 10  0  2 14 13  3  4  1]
 [13  4  3  7  3 11 20  9  6  3  5  6  6  4  4]
 [ 1 10  6 12  4  8 10 17  8  4  3  9  5  3  9]
 [ 5  3  1  6  3  5  6  2 28  0  1 12 12  3  5]
 [ 8  2  5  6  1  1  1  2  4 33  8  4  4  7  0]
 [ 3  4  0  5 10 15  4  6  3  8 29  9  5  8  4]
 [ 5  2  0  8  6  7  3  3  3  6  3 32 15  2  1]
 [ 5  3  0 17  4  1  0  4  7  6  3  5 43  1  0]
 [13  5  6  4  9  4  6  3  4  5  4  8  2 17  6]
 [ 6  7 11  5  5  1 10  7  4  3  5  4  7  5 17]]


