accuracy_score: 0.43733333333333335
confusion_matrix: [[47  1  7  3  2  6  7  2  9  6  3  5  0  1  2]
 [ 4 50  7  1  3  1 16  5  3  3  2  4  3  8  2]
 [ 5  2 37  5  4  9  4  2  7  2  1  9  4  5  3]
 [13  2  8 40  1  5  0  3  2  8  2  9  2  1  2]
 [ 6  3  5  4 49  3  4  3  9  2  7  5  2  3  1]
 [ 5  2  6 13  5 41  1  3  5  3  4  2  2  2  2]
 [ 4  8  8  1  1  2 46  6 10  1  2  2  4  4  1]
 [ 1  7  5  8  6  3  5 30  5  3  7  8  6  3  0]
 [ 5  2  1  1  2  1  4  2 53  1  2  6  2  7  1]
 [ 2  6  2  5  3  1  2  5  5 46  4  2  8  4  1]
 [ 3  1  4  6  2  6 10  2  8  4 28  0  7 10  1]
 [ 7  3  6  3  3  6  0  4  6  3  0 43  6  0  5]
 [ 3  4  3  0  6  3  3  5  3  4  3  3 52 11  1]
 [ 1 12  2  2  5  4  4  5  4  4  2  0  7 40  0]
 [ 6  7  4  2 11  1  3  2  6  4  1 16  2  3 54]]


accuracy_score: 0.31933333333333336
confusion_matrix: [[31  3  5  2  4 12  8  6  4  9  1  8  0  4  4]
 [ 0 16  0  1  8  4 30  3 12 11  0  4  9 14  0]
 [ 3  0 18 13  5 17  3  3 10  9  0  7  1  8  2]
 [10  1  2 45  2 11  0  2  2  8  1  5  0  3  6]
 [ 9  0  1  5 52  3  4  1 11  2  1  2  4 10  1]
 [ 6  1  2 23  6 28  4  4  2  3  0  3  4  7  3]
 [ 6  7 10  1  2  0 39  9  8  1  0  2  6  7  2]
 [ 4  1  2  4 20  6  5 17  3 10  2  8  9  6  0]
 [ 3  2  4  1  6  1  4  1 38  3  0  8  1 17  1]
 [ 1  3  0  7  6  1  2  2  5 50  2  0  7  9  1]
 [ 3  1 10  7  7  3 11  2 11 12  2  0  7 10  6]
 [ 4  1  2  8  5 11  1  1  6  4  1 28  7  5 11]
 [ 4  3  0  2  7  4  6  4  6  8  5  1 28 26  0]
 [ 4  5  1  2  5  2  8  1  7  9  0  0  4 44  0]
 [ 7  6  1  3 15  1  3  7  6  2  0 16  6  6 43]]


